00110110 00001110 00011101 00000101 00001011 00001111 00000000 00010000 00010100 00010111 00010110 00000000 00011100 01001101 00001111 01000101 00001001 00000111 00000001 00011011 00010010 00001110 00001010 00000101 01000101 00000101 00000000 01010010 00000011 00010110 01010011 00011110 
00110101 00001001 00011101 00010010 00001011 00001111 00000000 00011010 00001001 01011001 00010011 00011100 00010001 01000101 00011000 01000101 00000010 00000111 00011101 00010111 01000001 00010101 00011001 00010010 00010111 01000111 00001110 01000011 00001001 00010000 00000000 00010101 
00101110 00001000 00011100 00001111 00010111 01000001 01000110 00000001 00010101 00010100 01000110 00011110 00010100 01010111 00000111 00000100 00001111 00001011 00011101 00000001 01000001 00001110 00000111 00010110 00010001 01000111 00011011 01001000 00001111 01000101 00000110 00011111 
01111010 00000110 00011100 00010111 00000001 00010011 01001110 00011110 00011111 00010111 00010010 01010010 00011100 01010011 01001010 00001100 00001010 00011010 00001010 00011100 00010101 00010011 00000000 00011001 00000100 00001011 00000011 01011001 01001010 00000001 00010110 00011000 
00111011 00011000 00011010 00001111 00000011 01000001 01010100 00011011 00011111 01011001 00010100 00010111 00011001 01000101 00001011 00010110 00000001 01001110 00000000 00010100 01000001 00011011 01001111 00000101 00000000 00010111 00000000 01010010 00011110 01000101 00011010 00011010 
00101110 00001110 01010011 00010011 00010001 00010010 01010011 00011010 00011011 00001010 01000110 00011011 00011011 01000110 00000110 00010000 00000001 00000000 00001100 00010111 01000001 00010011 00000001 01010111 00000111 00010101 00000110 01010100 00000011 00010110 00011011 01010100 
00101010 00001110 00011111 00001000 00010000 00001000 01000011 00000000 01011010 00001100 00001000 00000110 00011100 01001100 01001010 00000100 00000010 00011010 00001010 00000000 01000001 00001110 00000111 00010010 01000101 00010010 00011111 01000011 00000101 00001000 00011010 00011010 
00111101 01000001 00010110 00001101 00000001 00000010 01010100 00011010 00010101 00010111 00010010 00011010 00010000 00000000 00001100 00000100 00001101 00000010 00011010 00000000 00000100 01011010 00000000 00010001 01000101 00010011 00000111 01000101 01001010 00010101 00000001 00011101 
00110111 00000100 01010011 00001100 00001101 00001111 01001001 00000000 00001110 00011100 00010100 01010010 00000001 01001111 01001010 00000100 00010100 00011110 00011101 00011101 00010111 00011111 01001111 00000011 00001101 00000010 01001111 01010000 00011111 00000111 00011111 00011101 
00111001 00000000 00000111 00001000 00001011 00001111 00000000 00011100 00011100 01011001 00010010 00011010 00010000 00000000 00011000 00000000 00010100 00000001 00011101 00000110 01000001 00010010 00001110 00000100 01000101 00010100 00011111 01000001 00011000 00001110 00010110 00010000 
01111010 00001110 00000110 00010101 00010110 00000000 01000111 00010110 01011010 00011111 00010100 00011101 00011000 00000000 00000111 00000000 00001001 00001100 00001010 00000000 00010010 01011010 00000000 00010001 01000101 00010011 00000111 01000101 01001010 00001100 00011101 00000000 
00111111 00001101 00011111 00001000 00000011 00000100 01001110 00010000 00011111 01011001 00000111 00011100 00010001 00000000 00011001 00000000 00000111 00011011 00011101 00011011 00010101 00000011 01001111 00010100 00001010 00001010 00000010 01001001 00011110 00010001 00010110 00010001 
01111010 00001000 00000000 00000010 01000100 00010110 01001000 00011010 00011001 00010001 01000110 00010001 00011010 01001101 00011010 00001100 00001000 00001011 00001011 01010010 00010101 00010010 00001010 01010111 00010111 00000010 00011111 01001111 00011000 00010001 01010011 00010101 
00110100 00000101 01010011 00001110 00010100 00010001 01001111 00000000 00010011 00001101 00001111 00011101 00011011 00000000 00000110 00000100 00010011 00000011 00001110 00011001 00000100 00001000 00011100 01010111 00010010 00001111 00000000 00000000 00001011 00000110 00010000 00000001 
00101001 00000100 00010111 01000001 00010000 00001001 01000101 01010011 00011101 00010110 00010000 00010111 00000111 01001110 00000111 00000000 00001010 00011010 01001111 00011101 00000111 01011010 00001110 01010111 00000110 00001000 00011001 01000101 00011000 00010000 00000011 00000000 
00110010 00000100 01010011 00000010 00001100 00000000 01001001 00000001 01011010 00010110 00000000 01010010 00000001 01001000 00001111 01000101 00001101 00011101 00001100 01010010 00000111 00010101 00011101 00011010 00000000 00010101 01001111 01000001 00011110 00010001 00011100 00000110 
00110100 00000100 00001010 01000001 00000011 00000100 01001110 00010110 00001000 00011000 00001010 01010010 00010100 01001110 00001110 01000101 00001001 00011110 01001111 00010110 00001110 00010111 00000110 00011001 00001100 00000100 01001111 01000111 00011000 00001100 00010110 00000010 
00111111 01000001 00000001 00000000 00001101 00010010 01000101 00010111 01011010 00001101 00001110 00010111 01010101 01001001 00011001 00010110 00010001 00001011 01001111 00011011 00001111 01011010 00001110 00011001 01000101 00010010 00011101 01000111 00001111 00001011 00000111 01010100 
00101011 00010100 00010110 00010010 00010000 00001000 01001111 00011101 01011010 00001101 00001001 01010010 00000001 01001000 00001111 01000101 00000011 00000001 00011001 00010111 00010011 00010100 00000010 00010010 00001011 00010011 01001111 01001001 00000100 01000101 00000011 00010101 
00101000 00001101 00011010 00000000 00001001 00000100 01001110 00000111 01011010 00010110 00001000 01010010 00000001 01010101 00001111 00010110 00000000 00001111 00010110 01010010 00000101 00011111 00000010 00010110 00001011 00000011 00000110 01001110 00001101 01000101 00010010 00011010 
01111010 00000100 00001011 00010001 00001000 00000000 01001110 00010010 00001110 00010000 00001001 00011100 01010101 01000110 00000101 00010111 01000100 00011010 00000111 00010111 01000001 00001000 00001010 00010001 00010000 00010100 00001110 01001100 01001010 00001010 00010101 01010100 
00101110 00001001 00010110 01000001 00010100 00010011 01001001 00011110 00011111 01011001 00001011 00011011 00011011 01001001 00011001 00010001 00000001 00011100 01001111 00000110 00001110 01011010 00001000 00011110 00010011 00000010 01001111 01000011 00000110 00000000 00010010 00000110 
00111011 00001111 00010000 00000100 01000100 00010101 01001111 01010011 00001110 00010001 00000011 01010010 00011100 01001110 00011110 00000000 00001000 00000010 00000110 00010101 00000100 00010100 00001100 00010010 01000101 00000110 00000001 01000100 01001010 00010110 00010110 00010111 
00101111 00010011 00011010 00010101 00011101 01000001 01000011 00011100 00010111 00010100 00001111 00000110 00000001 01000101 00001111 01000101 00001011 00001000 01001111 00000010 00000000 00001000 00000011 00011110 00000100 00001010 00001010 01001110 00011110 00010110 01010011 00000110 
00111111 00010001 00011100 00010011 00010000 01000001 01001111 00011101 01011010 00001011 00010011 00000001 00000110 01001001 00001011 00010110 00001011 01001110 00011000 00011010 00000000 00001110 00011100 01010111 00010010 00010101 00000000 01001110 00001101 01000101 00000100 00011101 
00101110 00001001 01010011 00010100 00001111 01000001 01000101 00011111 00011111 00011010 00010010 00011011 00011010 01001110 00011001 01000101 00001101 00000000 01001111 00010110 00000100 00011001 00001010 00011010 00000111 00000010 00011101 01010011 00000101 01000101 00000100 00011100 
00111011 00010101 00000000 01000001 00010011 00010011 01001111 00011101 00011101 01011001 00010001 00011011 00000001 01001000 01001010 00010000 00001111 01001110 00001010 00011110 00000100 00011001 00011011 00011110 00001010 00001001 00011100 00000000 00000011 00001011 01010011 00010000 
00111111 00000010 00010110 00001100 00000110 00000100 01010010 00010100 00001000 00010000 00000011 00000100 00010000 00000000 00011101 00001101 00001011 01001110 00011010 00000001 00000100 00011110 01001111 00000011 00001010 01000111 00001101 01000101 01001010 00001000 00010110 00011001 
00111000 00000100 00000001 01000001 00001011 00000111 00000000 00000111 00010010 00011100 01000110 00010001 00011010 01001110 00011001 00000000 00010110 00011000 00001110 00000110 00001000 00001100 00001010 01010111 00010101 00000110 00011101 01010100 00010011 01000101 00000111 00011011 
00110110 00000101 01010011 00010001 00000101 00010011 01001100 00011010 00011011 00010100 00000011 00011100 00000001 00000000 00011110 00001101 00000001 01001110 00011101 00010111 00010001 00010101 00011101 00000011 01000101 00010000 00001110 01010011 01001010 00000110 00011100 00011001 
00101010 00001101 00010110 00010101 00000001 00000101 00000000 00011010 00010100 01011001 00001011 00010011 00000111 01000011 00000010 01000101 00010000 00000110 00000000 00000000 00001110 00001111 00001000 00011111 00001001 00011110 01001111 01010010 00001111 00010011 00011010 00010001 
00101101 00000100 00010111 01000001 00000110 00011000 00000000 00000111 00010010 00011100 01000110 00010001 00011010 01010101 00000100 00010001 00010110 00010111 00011100 01010010 00001000 00010100 00011011 00010010 00001001 00001011 00000110 01000111 00001111 00001011 00010000 00010001 
01111010 00000000 00010100 00000100 00001010 00000010 01001001 00010110 00001001 01011001 00000111 00011100 00010001 00000000 00011110 00001101 00000001 00000000 01001111 00000001 00000100 00010100 00011011 01010111 00010001 00001000 01001111 01001010 00000101 00001101 00011101 00000111 
00110101 00001111 01010011 00000111 00001011 00010011 00000000 00010101 00010011 00010111 00000111 00011110 01010101 01000011 00000101 00001011 00000010 00000111 00011101 00011111 00000000 00001110 00000110 00011000 00001011 01000111 00000000 01001110 01001010 00001010 00010000 00000000 
00110101 00000011 00010110 00010011 01000100 01000001 01001000 00010110 01011010 00011000 00000010 00010110 00010000 01000100 01001010 00010001 00001100 00001111 00011011 01010010 00000000 00011001 00001100 00011000 00010111 00000011 00000110 01001110 00001101 01000101 00000111 00011011 
01111010 00001101 00011100 00001111 00000011 00010010 01010100 00010010 00010100 00011101 00001111 00011100 00010010 00000000 00001011 00000010 00010110 00001011 00001010 00011111 00000100 00010100 00011011 01010111 00010001 00001111 00001010 00000000 00011010 00010111 00011010 00011001 
00111111 01000001 00011110 00001000 00001010 00001000 01010011 00000111 00011111 00001011 01000110 00000101 00011010 01010101 00000110 00000001 01000100 00001011 00000001 00010110 00000100 00011011 00011001 00011000 00010111 01000111 00011011 01001111 01001010 00010111 00010110 00000111 
00101010 00001110 00011101 00000101 01000100 00010110 01001001 00000111 00010010 00010000 00001000 01010010 01010101 01000100 00001011 00011100 00010111 01001110 00011100 00011011 00001111 00011001 00001010 01010111 00010001 00001111 00001010 00000000 00011000 00000000 00000011 00011011 
00101000 00010101 01010011 00001000 00010111 01000001 01000110 00000001 00010101 00010100 01000110 00000110 00011101 01000101 01001010 00001100 00010111 00001101 01001111 00000101 00001001 00010011 00001100 00011111 01000101 00001111 00001110 01010011 01001010 00000100 00010000 00010111 
00111111 00010010 00000000 01000001 00010000 00001110 00000000 00010000 00010110 00011000 00010101 00000001 00011100 01000110 00000011 00000000 00000000 01001110 00000110 00011100 00000111 00010101 00011101 00011010 00000100 00010011 00000110 01001111 00000100 01000101 00000111 00011100 
00111111 01000001 00000001 00000100 00001000 00000100 01000001 00000000 00011111 01011001 00001001 00010100 01010101 01010100 00000010 00000000 01000100 00011100 00001010 00000010 00001110 00001000 00011011 01010111 00001000 00010010 00011100 01010100 01001010 00000111 00010110 01010100 
00101010 00000100 00000001 00010010 00001011 00001111 01000001 00011111 00010110 00000000 01000110 00000001 00011100 01000111 00000100 00000000 00000000 01001110 00000000 00010100 00000111 01011010 00001101 00001110 01000101 00001101 00000000 01001000 00000100 00010110 00011100 00011010 
00111100 00001110 00000001 00000100 00001101 00000110 01001110 01010011 00010101 00011111 00000000 00011011 00010110 01000101 01001010 00001000 00001101 00000000 00000110 00000001 00010101 00011111 00011101 01010111 00000110 00001111 00011101 01001001 00011001 00010001 00011100 00000100 
00110010 00000100 00000001 01000001 00010100 00001000 01001110 00010000 00010010 00011100 00010100 01010010 00010001 01000101 00001100 00000000 00001010 00001010 00001010 00010110 01000001 00001110 00000111 00010010 01000101 00000000 00000000 01010110 00001111 00010111 00011101 00011001 
00111111 00001111 00000111 00010010 01000100 00010001 01001111 00000000 00010011 00001101 00001111 00011101 00011011 00000000 00000101 00001011 01000100 00011010 00011010 00010111 00010010 00011110 00001110 00001110 01000101 00000110 00000001 01000100 01001010 00001010 00010101 00010010 
00111111 00010011 00010110 00000101 01000100 00001111 01001111 01010011 00001001 00001100 00000001 00010101 00010000 01010011 00011110 00001100 00001011 00000000 01001111 00000110 00001001 00011011 00011011 01010111 00010001 00001111 00001010 00000000 00011000 00000000 00000011 00011011 
00101000 00010101 01010011 00010110 00001011 00010100 01001100 00010111 01011010 00011011 00000011 01010010 00000110 01001001 00001101 00001011 00000001 00001010 01001111 00011101 00000111 00011100 01001111 00000100 00001010 00001000 00000001 00000000 00011110 00000000 00011111 00011000 
00110011 00001111 00010100 01000001 00000011 00010011 01001001 00010110 00001100 00011100 01000110 00000110 00011101 01000001 00011110 01000101 00001101 00011010 01001111 00000101 00000000 00001001 01001111 00011001 00001010 00010011 01001111 01010101 00000100 00010000 00000000 00000001 
00111011 00001101 01010011 00000111 00001011 00010011 00000000 00000001 00011111 00001001 00001001 00000000 00000001 01010011 01001010 00010110 00010001 00001101 00000111 01010010 00000000 00001001 01001111 00000011 00001101 00001110 00011100 00000000 00000101 00001011 00010110 01010100 
00101110 00001110 01010011 00000110 00001011 01000001 01010100 00011011 00001000 00010110 00010011 00010101 00011101 00000000 00001011 00001011 01000100 00000111 00000001 00000110 00000100 00010100 00011100 00011110 00010011 00000010 01001111 01010011 00001111 00000110 00000110 00000110 
00110011 00010101 00001010 01000001 00010110 00000100 01010110 00011010 00011111 00001110 01000110 00010000 00010000 01000110 00000101 00010111 00000001 01001110 00011111 00000111 00000011 00010110 00000110 00010100 00000100 00010011 00000110 01001111 00000100 00000010 00000001 00011101 
00111111 00010111 00010110 01000001 00010111 00000000 01001001 00010111 01011010 00001101 00001110 00010111 01010101 01001001 00000100 00010001 00000001 00000010 00000011 00011011 00000110 00011111 00000001 00010100 00000000 01000111 00001110 01000111 00001111 00001011 00010000 00011101 
00111111 00010010 01010011 00001001 00000101 00000101 00000000 00011010 00010100 00011101 00001111 00010001 00010100 01010100 00001111 00000001 01000100 00011010 00000111 00010011 00010101 01011010 00011011 00011111 00000000 01000111 00011111 01010101 00001000 00001001 00011010 00010111 
00111011 00010101 00011010 00001110 00001010 01000001 01001111 00010101 01011010 00001101 00001110 00010111 01010101 01010010 00001111 00010101 00001011 00011100 00011011 01010010 00010110 00010101 00011010 00011011 00000001 01000111 00000001 01001111 00011110 01000101 00010111 00010101 
00110111 00000000 00010100 00000100 01000100 00000000 01001110 00001010 01011010 00010110 00000000 01010010 00000001 01001000 00001111 00001100 00010110 01001110 00000000 00000010 00000100 00001000 00001110 00000011 00001100 00001000 00000001 01000001 00000110 01000101 00010000 00010101 
00101010 00000000 00010001 00001000 00001000 00001000 01010100 00011010 00011111 00001010 01000110 00010011 00011011 01000100 01001010 00010001 00001100 00001011 00011101 00010111 00000111 00010101 00011101 00010010 01000101 00010011 00000111 01000101 00011000 00000000 01010011 00000011 
00111011 00010010 01010011 00001111 00001011 01000001 01010010 00010110 00011011 00001010 00001001 00011100 01010101 01010100 00000101 01000101 00000000 00001011 00000011 00010011 00011000 01011010 00000110 00000011 00010001 00001111 00001010 00000000 00011000 00000000 00000011 00011011 
00101000 00010101 01010011 00001001 00000101 00010010 00000000 00000111 00010101 01011001 00000100 00010111 01010101 01001100 00001011 00001100 00000000 01001110 00001101 00010111 00000111 00010101 00011101 00010010 01000101 00010111 00001110 01010010 00000110 00001100 00010010 00011001 
00111111 00001111 00000111 01000001 00010011 00001001 01000101 00011101 01011010 00010000 00010010 01010010 00011100 01010011 01001010 00010110 00001101 00011010 00011011 00011011 00001111 00011101 01001111 00011111 00000000 01000111 00011100 01000001 00000011 00000001 01010011 00000100 
00110101 00001000 00011101 00010101 00001101 00001111 01000111 01010011 00001110 00010110 01000110 00000110 00011101 01000101 01001010 00000011 00000101 00001101 00011011 01010010 00010101 00010010 00001110 00000011 01000101 00010111 00001110 01010010 00000110 00001100 00010010 00011001 
00111111 00001111 00000111 01000001 00001101 00010010 00000000 00000000 00011111 00001101 01000110 00000110 00011010 00000000 00001000 00000000 01000100 00001010 00000110 00000001 00010010 00010101 00000011 00000001 00000000 00000011 01001111 01000001 00011110 01000101 00011110 00011101 
00111110 00001111 00011010 00000110 00001100 00010101 00000000 00000100 00011111 00011101 00001000 00010111 00000110 01000100 00001011 00011100 01000100 00001111 00000111 00010111 00000000 00011110 01001111 00011000 00000011 01000111 00001110 00000000 00001001 00010111 00000110 00010111 
00110011 00000000 00011111 01000001 00000011 00000100 01001110 00010110 00001000 00011000 00001010 01010010 00010000 01001100 00001111 00000110 00010000 00000111 00000000 00011100 01000001 00010101 00000001 01010111 00000001 00000010 00001100 01000101 00000111 00000111 00010110 00000110 
01111010 00001000 00010101 01000001 00001101 00010101 00000000 00011010 00001001 01011001 00001000 00011101 00000001 00000000 00000110 00000100 00001101 00001010 01001111 00010000 00000100 00011100 00000000 00000101 00000000 01000111 00011111 01000001 00011000 00001001 00011010 00010101 
00110111 00000100 00011101 00010101 01000100 00000010 01000101 00010010 00001001 00011100 00010101 01010010 00000001 01001111 01001010 00010110 00001101 00011010 01001111 00000110 00001001 00010011 00011100 01010111 00000000 00010001 00001010 01001110 00000011 00001011 00010100 01010100 
00110011 00010101 01010011 00010110 00001101 00001101 01001100 01010011 00010100 00010110 00010010 01010010 00010111 01000101 01001010 00000110 00000101 00011110 00001110 00010000 00001101 00011111 01001111 00011000 00000011 01000111 00001101 01000101 00000011 00001011 00010100 01010100 
00110110 00000000 00011010 00000101 01000100 00010100 01001110 00000111 00010011 00010101 01000110 00000110 00011101 01000101 01001010 00000110 00001011 00000011 00000010 00011011 00010101 00001110 00001010 00010010 01000101 00001110 00011100 00000000 00011000 00000000 00010101 00011011 
00101000 00001100 00010110 00000101 01000100 00000000 01001110 00010111 01011010 00010000 00001000 01010010 01010101 01010100 00000010 00000100 00010000 01001110 00011011 00011101 00001110 00010001 01001111 00011001 00000000 00000110 00011101 01001100 00010011 01000101 00000000 00011101 
00100010 01000001 00011110 00001110 00001010 00010101 01001000 00000000 01011010 00011110 00010100 00011011 00010000 01010110 00001111 01000101 00000101 00001010 00001011 00010111 00000101 00011111 00011001 00010010 00010111 00011110 00011011 01001000 00000011 00001011 00010100 01010100 
00100011 00001110 00000110 01000001 00001010 00000100 01000101 00010111 01011010 00001101 00001001 01010010 00011110 01001110 00000101 00010010 01000100 00001111 00001101 00011101 00010100 00001110 01001111 00000011 00001101 00000010 01001111 01010101 00000001 01000101 00010100 00010001 
00110100 00000100 00000001 00000000 00001000 01000001 01000101 00011111 00011111 00011010 00010010 00011011 00011010 01001110 01001010 00001010 00001010 01001110 00001011 00010111 00000010 00011111 00000010 00010101 00000000 00010101 01001111 01000101 00011100 00000000 00000001 00001101 
00101110 00001001 00011010 00001111 00000011 01000001 01011001 00011100 00001111 01011001 00001000 00010111 00010000 01000100 01001010 00010001 00001011 01001110 00000100 00011100 00001110 00001101 01001111 00010110 00000111 00001000 00011010 01010100 01001010 00010001 00011011 00010001 
01111010 00010100 00011000 01000001 00000011 00000100 01001110 00010110 00001000 00011000 00001010 01010010 00010000 01001100 00001111 00000110 00010000 00000111 00000000 00011100 01000001 00010101 00000001 01010111 00000001 00000010 00001100 01000101 00000111 00000111 00010110 00000110 
01111010 00010010 00011011 00000000 00000000 00001110 01010111 01010011 00011100 00010110 00010100 00010111 00011100 01000111 00000100 01000101 00010111 00001011 00001100 00000000 00000100 00001110 00001110 00000101 00011100 01000111 00001010 01001101 00000011 00001001 00001010 01010100 
00101110 00001001 00011100 00010011 00001010 00000011 01000101 00000001 00001000 00000000 01000110 00000001 00010100 01001001 00001110 01000101 00010000 00000110 00001010 01010010 00000101 00011111 00000011 00010110 00011100 01000111 00011000 01000001 00011001 01000101 00011101 00011011 
00101110 00001001 00011010 00001111 00000011 01000001 01001100 00010110 00001001 00001010 01000110 00000110 00011101 01000001 00000100 01000101 00000101 00000000 01001111 00010011 00010101 00001110 00001010 00011010 00010101 00010011 01001111 01010100 00000101 01000101 00000000 00000001 
00101010 00010001 00000001 00000100 00010111 00010010 00000000 00000111 00010010 00011100 01000110 00000110 00000111 01010101 00011110 00001101 01000100 00001000 00011101 00011101 00001100 01011010 00011011 00011111 00000000 01000111 00011111 01010101 00001000 00001001 00011010 00010111 
01111010 00000000 00011101 00000101 01000100 00000111 01010010 00011100 00010111 01011001 00010110 00010011 00000111 01001100 00000011 00000100 00001001 00001011 00000001 00000110 01000001 00011011 00000001 00010011 01000101 00001110 00011011 00000000 00000011 00010110 01010011 00010101 
00110100 01000001 00010010 00000111 00000010 00010011 01001111 00011101 00001110 01011001 00010010 00011101 01010101 01001111 00011111 00010111 01000100 00001010 00001010 00011111 00001110 00011001 00011101 00010110 00000110 00011110 00011011 01001000 00000101 00010111 00011101 00010110 
00111111 00010011 00000001 00011000 01000100 00010101 01001000 00010110 00010100 01011001 00000111 00010001 00010110 01010101 00011001 00000000 00000000 01001110 00011011 00011010 00000100 01011010 00001000 00011000 00010011 00000010 00011101 01001110 00000111 00000000 00011101 00000000 
01111010 00001110 00010101 01000001 00000000 00000100 01001100 00010010 00000011 00010000 00001000 00010101 01010101 01010000 00011111 00000111 00001000 00000111 00001100 00010011 00010101 00010011 00000000 00011001 01000101 00000001 00000000 01010010 01001010 00010101 00011100 00011000 
00110011 00010101 00011010 00000010 00000101 00001101 00000000 00000001 00011111 00011000 00010101 00011101 00011011 01010011 01001010 00001100 01000100 00001000 00001010 00010011 00010011 01011010 00000110 00000011 01000101 00001110 00011100 00000000 00001000 00000000 00010000 00010101 
00101111 00010010 00010110 01000001 00010000 00001001 01000101 00001010 01011010 00001011 00000011 00010011 00011001 01001001 00010000 00000000 01000100 00011010 00000111 00010011 00010101 01011010 00011011 00011111 00001100 00010100 01001111 01010010 00001111 00010101 00011100 00000110 
00101110 01000001 00000100 00001000 00001000 00001101 00000000 00011111 00011111 00011000 00000010 01010010 00000001 01001111 01001010 00001010 00010000 00000110 00001010 00000000 01000001 00001011 00011010 00010010 00010110 00010011 00000110 01001111 00000100 00010110 01010011 00010101 
00111000 00001110 00000110 00010101 01000100 00010101 01001000 00010110 01011010 00010101 00001111 00011100 00011110 01010011 01001010 00000111 00000001 00011010 00011000 00010111 00000100 00010100 01001111 00000101 00010000 00010100 00011100 01001001 00001011 01000101 00010010 00011010 
00111110 01000001 00010001 00010011 00000001 00011001 01001001 00000111 01011010 00011000 00001000 00010110 01010101 01010111 00000011 00010001 00001100 01001110 00011011 00011010 00000100 01011010 00001100 00000010 00010111 00010101 00001010 01001110 00011110 01000101 00011111 00010001 
00111011 00000101 00010110 00010011 00010111 00001001 01001001 00000011 01011010 00010110 00000000 01010010 00000001 01001000 00001111 01000101 00010000 00000001 00011101 00001011 01000001 00001010 00001110 00000101 00010001 00011110 01001111 01010111 00000010 00001100 00010000 00011100 
01111010 00010011 00011010 00010010 00001111 00010010 00000000 00010111 00011111 00001011 00000111 00011011 00011001 01001001 00000100 00000010 01000100 00011010 00000111 00010111 00001000 00001000 01001111 00010010 00001001 00000010 00001100 01010100 00000011 00001010 00011101 01010100 
00111001 00000000 00011110 00010001 00000101 00001000 01000111 00011101 00010101 00001101 00001110 00010111 00000111 00000000 00000111 00000000 00001001 00001100 00001010 00000000 00010010 01011010 00000000 00010001 01000101 00010011 00000111 01000101 01001010 00001100 00000000 00010111 
01111010 00001001 00010010 00010111 00000001 01000001 01000001 00011111 00001001 00010110 01000110 00010001 00000111 01001001 00011110 00001100 00000111 00000111 00010101 00010111 00000101 01011010 00011011 00011111 00000000 01000111 00001000 01001111 00011100 00000000 00000001 00011010 
00110111 00000100 00011101 00010101 00010111 01000001 01000001 00000011 00001010 00011000 00010100 00010111 00011011 01010100 01001010 00010111 00000001 00000010 00011010 00010001 00010101 00011011 00000001 00010100 00000000 01000111 00011011 01001111 01001010 00010111 00010110 00011000 
00111111 00000000 00000000 00000100 01000100 00010101 01001000 00010110 01011010 00001011 00000011 00000010 00011010 01010010 00011110 00000100 00010111 01001110 00001001 00010011 00010011 01011010 00001110 00000100 01000101 00010011 00000111 01000101 01001010 00000110 00011100 00011001 
00110111 00001000 00000111 00010101 00000001 00000100 00000000 00011010 00001001 01011001 00000101 00011101 00011011 01000011 00001111 00010111 00001010 00001011 00001011 01010010 00010101 00010010 00000110 00000100 01000101 00010101 00001010 01010000 00000101 00010111 00000111 01010100 
00110010 00000000 00000000 01000001 00000110 00000100 01000101 00011101 01011010 00011010 00001010 00010111 00010100 01010010 00001111 00000001 01000100 00001100 00010110 01010010 00010101 00010010 00001010 01010111 00001100 00001001 00011011 01000101 00000110 00001001 00011010 00010011 
00111111 00001111 00010000 00000100 01000100 00000000 01001110 00010111 01011010 00001010 00000011 00010001 00000000 01010010 00000011 00010001 00011101 01001110 00001110 00010101 00000100 00010100 00001100 00011110 00000000 00010100 01001111 01001001 00011110 00010110 01010011 00010110 
00111111 00000100 00011101 01000001 00000111 00001101 01000101 00010010 00001000 00011100 00000010 01010010 00010111 01011001 01001010 00010001 00001100 00001011 01001111 00010001 00000000 00011000 00000110 00011001 00000000 00010011 01001111 01001111 00001100 00000011 00011010 00010111 
00111111 01000001 00010010 00001111 00000000 01000001 01010100 00011011 00011111 01011001 00000101 00011011 00000011 01001001 00000110 01000101 00010111 00001011 00011101 00000100 00000000 00010100 00011011 00000100 01000101 00000110 00000001 01000100 01001010 00001010 00010101 00010010 
00110011 00000010 00011010 00000000 00001000 00010010 00000000 00000000 00011011 00001110 01000110 00011100 00011010 00000000 00011000 00000000 00000101 00011101 00000000 00011100 01000001 00001101 00000111 00010110 00010001 00010100 00000000 01000101 00011100 00000000 00000001 01010100 
00101101 00001001 00001010 01000001 00001101 00010101 00000000 00000000 00010010 00010110 00010011 00011110 00010001 00000000 00000100 00001010 00010000 01001110 00000111 00010011 00010111 00011111 01001111 00010101 00000000 00000010 00000001 00000000 00011010 00010000 00010001 00011000 
00110011 00010010 00011011 00000100 00000000 01000001 01001011 00010110 00010011 00001101 00001110 01010010 00000110 01001001 00000111 00010101 00010111 00000001 00000001 01010010 00000000 01011010 00001100 00011000 00001011 00010100 00001010 01010010 00011100 00000100 00000111 00011101 
00101100 00000100 01010011 00001100 00000001 00001100 01000010 00010110 00001000 01011001 00001001 00010100 01010101 01010100 00000010 00000000 01000100 00000111 00011100 00010001 01000001 00001110 00000000 00011011 00000001 01000111 00011111 01000001 00011000 00001001 00011010 00010101 
00110111 00000100 00011101 00010101 00000101 00001111 01001111 00000111 00010010 00011100 00010100 01010010 00010110 01001111 00000100 00010110 00000001 00011100 00011001 00010011 00010101 00010011 00011001 00010010 01000101 00001010 00011111 00000000 00011101 00001101 00011100 01010100 
00101001 00001000 00000111 00010010 01000100 00001110 01001110 01010011 00001110 00010001 00000011 01010010 00010110 01001111 00000111 00001000 00001101 00011010 00011011 00010111 00000100 01011010 00011101 00011110 00000110 00001111 00001110 01010010 00001110 01000101 00010001 00010001 
00110100 00011000 00011100 00001111 01000100 00010010 01000001 00011010 00011110 01011001 00010010 00011010 00010100 01010100 01001010 00010001 00001100 00001011 01001111 00010110 00000100 00010110 00001110 00001110 01000101 00001110 00000001 00000000 00011110 00001101 00010110 01010100 
00101010 00010100 00010001 00001101 00001101 00010010 01001000 00011010 00010100 00011110 01000110 00011010 00010100 01010011 01001010 00000100 00001000 00000010 00000000 00000101 00000100 00011110 01001111 00000100 00001010 00001010 00001010 00000000 00011011 00010000 00011010 00000000 
00111111 01000001 00010001 00001000 00011110 00000000 01010010 00000001 00011111 01011001 00000101 00011101 00011011 01010011 00011010 00001100 00010110 00001111 00001100 00001011 01000001 00001110 00000111 00010010 00001010 00010101 00000110 01000101 00011001 01000101 00000111 00011011 
01111010 00000011 00010110 01000001 00000111 00001000 01010010 00010000 00001111 00010101 00000111 00000110 00010000 01000100 01001010 00001101 00000001 01001110 00011100 00010011 00001000 00011110 01001111 00011110 00010001 01000111 00011000 01001111 00011111 00001001 00010111 01010100 
00111000 00000100 01010011 00001100 00010001 00000010 01001000 01010011 00011000 00011100 00010010 00000110 00010000 01010010 01001010 00010001 00001011 01001110 00011111 00000111 00000011 00010110 00000110 00000100 00001101 01000111 00011000 01001000 00001011 00010001 01010011 00011100 
00111011 00010010 01010011 00000011 00000001 00000100 01001110 01010011 00001101 00001011 00001111 00000110 00000001 01000101 00000100 00010101 00001101 00000000 00001100 00011010 00000100 00001000 01001111 00000100 00010001 00010010 00001100 01001011 01001010 00010001 00011100 01010100 
00101110 00001001 00010110 01000001 00010111 00000000 01001101 00010110 01011010 00010101 00001111 00011100 00010000 00000000 01001010 00010001 00001100 00001011 01001111 00000000 00000100 00001010 00000000 00000101 00010001 01000111 00000110 01010011 01001010 00000111 00010110 00011101 
00110100 00000110 01010011 00010011 00000001 00010111 01001001 00010110 00001101 00011100 00000010 01010010 01010101 01000100 00001111 00010110 00010100 00000111 00011011 00010111 01000001 00001110 00000111 00010010 01000101 00000101 00001110 01010010 00011000 00000100 00010100 00010001 
01111010 00001110 00010101 01000001 00010101 00010100 01000101 00000000 00001110 00010000 00001001 00011100 00000110 00000000 00001100 00010111 00001011 00000011 01001111 00011110 00000000 00001101 00000010 00010110 00001110 00000010 00011101 01010011 01001010 00000100 00010000 00000110 
00110101 00010010 00000000 01000001 00010100 00000000 01010010 00000111 00000011 01011001 00001010 00011011 00011011 01000101 00011001 00000111 00010110 00001011 00010111 00011011 00010101 01011010 00011000 00000101 00000000 00000100 00000100 01000101 00001110 01000101 00010001 00000110 
00110011 00010101 00010010 00001000 00001010 01000001 01000001 00011101 00011110 01011001 00001111 00000110 01010101 01001000 00001011 00010110 00001010 00011010 01001111 00010111 00010111 00011111 00000001 01010111 00001101 00000110 00011111 01010000 00001111 00001011 00010110 00010000 
01111010 00011000 00010110 00010101 00000110 00010011 01000101 00001011 00010011 00001101 01000110 00000101 00000111 01000101 00001001 00001110 00000001 00001010 01001111 00010000 00010011 00010011 00011011 00010110 00001100 00001001 01001111 01000001 00000100 00000001 01010011 00011101 
00101110 01000001 00011011 00000000 00010111 00001111 01010100 01010011 00011111 00001111 00000011 00011100 01010101 01001000 00001011 00010101 00010100 00001011 00000001 00010111 00000101 01011010 00010110 00010010 00010001 00000010 00001110 01010010 00000110 00001100 00010110 00000110 
01111010 00001110 00011101 01000001 00010000 00010100 01000101 00000000 00011110 00011000 00011111 01010010 00011001 01001111 00011000 00000001 01000100 00001011 00011001 00010011 00001111 00001001 01001111 00011000 00000011 01000111 00011000 01000101 00001011 00010111 00010111 00010101 
00110110 00000100 01010011 00010110 00001100 00001110 00000000 00000100 00011011 00001010 01000110 00011111 00011100 00000000 00001110 00001100 00010110 00001011 00001100 00000110 00001110 00001000 01001111 00010000 00000000 00001001 00001010 01010010 00001011 00001001 01010011 00000001 
00110100 00010101 00011010 00001101 01000100 01000001 01010100 00011100 00010110 00011101 01000110 00010000 00010111 01000011 01001010 00010111 00000101 00001010 00000110 00011101 01000001 00001001 01001111 00000011 00001010 00000011 00001110 01011001 01001010 00010101 00000001 00011011 
00111101 00010011 00010010 00001100 01000100 00010101 01001000 00010010 00001110 01011001 00001111 00010100 01010101 01001101 00000011 00001011 00001101 00011101 00011011 00010111 00010011 00001001 01001111 00000000 00000000 00010101 00001010 00000000 00000100 00001010 00000111 01010100 
00101010 00010011 00010110 00010001 00000101 00010011 01000101 00010111 01011010 00001101 00001001 01010010 00000111 01000101 00000110 00000000 00000101 00011101 00001010 01010010 00001000 00001110 01001111 00000011 00001101 00000010 00010110 00000000 00011001 00001101 00011100 00000001 
00110110 00000101 01010011 00000100 00011100 00010001 01001100 00010010 00010011 00010111 01000110 00000101 00011101 01011001 00000011 00001011 01000100 00011110 00011101 00011011 00001111 00011001 00000110 00000111 00001001 00000010 01001111 01001001 01001010 00010001 00011011 00011101 
00110100 00001010 01010011 00001000 00010000 01000001 01010011 00011011 00010101 00001100 00001010 00010110 01010101 01000010 00001111 01000101 00010110 00001011 00000011 00010111 00000000 00001001 00001010 00010011 01000101 00001111 00001010 00000000 00011001 00000100 00011010 00010000 
01111010 00010001 00010010 00010011 00010000 01000001 01001111 00010101 01011010 00001101 00001110 00010111 01010101 01010010 00001111 00000100 00010111 00000001 00000001 01010010 00000111 00010101 00011101 01010111 00001101 00000110 00011001 01001001 00000100 00000010 01010011 00010101 
00110100 01000001 00011010 00001111 00010000 00000100 01001100 00011111 00010011 00011110 00000011 00011100 00010110 01000101 01001010 00000100 00001010 00001010 01001111 00000001 00000100 00011001 00011010 00000101 00001100 00010011 00010110 00000000 00001001 00001010 00011110 00011001 
00110011 00010101 00000111 00000100 00000001 01000001 01001001 00000000 01011010 00001101 00001110 00010011 00000001 00000000 00000011 00010110 00010111 00011011 00001010 00000001 01000001 00010101 00001001 01010111 00010101 00010010 00001101 01001100 00000011 00000110 01010011 00010111 
00110101 00001111 00010000 00000100 00010110 00001111 00000000 00010000 00011011 00010111 01000110 00010000 00010000 00000000 00011010 00010111 00001011 00011110 00001010 00000000 00001101 00000011 01001111 00010100 00001010 00001001 00011100 01001001 00001110 00000000 00000001 00010001 
00111110 01000001 00010010 00001111 00000000 01000001 01010100 00011011 00011111 01011001 00010110 00000111 00010111 01001100 00000011 00000110 01000100 00001101 00001110 00011100 01000001 00011000 00001010 01010111 00001100 00001001 00001001 01001111 00011000 00001000 00010110 00010000 
01111010 00010101 00011011 00010011 00001011 00010100 01000111 00011011 01011010 00001101 00001110 00010111 01010101 01010000 00011111 00000111 00001000 00000111 00001100 00010011 00010101 00010011 00000000 00011001 01000101 00001000 00001001 00000000 00011110 00001101 00010110 01010100 
00101000 00000100 00000011 00001110 00010110 00010101 01010011 01010011 00010101 00010111 00000101 00010111 01010101 01010100 00000010 00000000 00011101 01001110 00000111 00010011 00010111 00011111 01001111 00010000 00001010 00001001 00001010 00000000 00011110 00001101 00000001 00011011 
00101111 00000110 00011011 01000001 00010000 00001001 01000101 00000000 00011111 00011010 00010011 00000000 00011100 01010100 00010011 01000101 00010100 00011100 00000000 00010001 00000100 00001001 00011100 00011110 00000011 01000111 00011011 01001000 00001111 01000101 00010100 00011011 
00101100 00000100 00000001 00001111 00001001 00000100 01001110 00000111 01011010 00010001 00000111 00000100 00010000 00000000 00001011 01000101 00010110 00001011 00001110 00000001 00001110 00010100 01001111 00000000 00001101 00011110 01001111 01010100 00000010 00001100 00000000 01010100 
00101001 00001001 00011100 00010100 00001000 00000101 00000000 00011101 00010101 00001101 01000110 00010000 00010000 00000000 00011010 00010000 00000110 00000010 00000110 00000001 00001001 00011111 00001011 01010111 00000111 00000010 00001001 01001111 00011000 00000000 01010011 00000000 
00110010 00000100 01010011 00000100 00001000 00000100 01000011 00000111 00010011 00010110 00001000 01010010 00000001 01001000 00001111 00001011 01000100 00000111 01001111 00000110 00001001 00010011 00000001 00011100 01000101 00010011 00000111 01000101 00010011 01000101 00000000 00011100 
00110101 00010100 00011111 00000101 01000100 00001100 01000001 00011000 00011111 01011001 00001111 00000110 01010101 01010110 00001111 00010111 00011101 01001110 00001100 00011110 00000100 00011011 00011101 01010111 00010010 00001111 00001110 01010100 01001010 00010001 00011011 00010101 
